253 211 210 172 171 137 136 106 105  79  78  56  55  37  36  22  21  11  10   4   3   1 
254 252 212 209 173 170 138 135 107 104  80  77  57  54  38  35  23  20  12   9   5   2 
294 255 251 213 208 174 169 139 134 108 103  81  76  58  53  39  34  24  19  13   8   6 
295 293 256 250 214 207 175 168 140 133 109 102  82  75  59  52  40  33  25  18  14   7 
331 296 292 257 249 215 206 176 167 141 132 110 101  83  74  60  51  41  32  26  17  15 
332 330 297 291 258 248 216 205 177 166 142 131 111 100  84  73  61  50  42  31  27  16 
364 333 329 298 290 259 247 217 204 178 165 143 130 112  99  85  72  62  49  43  30  28 
365 363 334 328 299 289 260 246 218 203 179 164 144 129 113  98  86  71  63  48  44  29 
393 366 362 335 327 300 288 261 245 219 202 180 163 145 128 114  97  87  70  64  47  45 
394 392 367 361 336 326 301 287 262 244 220 201 181 162 146 127 115  96  88  69  65  46 
418 395 391 368 360 337 325 302 286 263 243 221 200 182 161 147 126 116  95  89  68  66 
419 417 396 390 369 359 338 324 303 285 264 242 222 199 183 160 148 125 117  94  90  67 
439 420 416 397 389 370 358 339 323 304 284 265 241 223 198 184 159 149 124 118  93  91 
440 438 421 415 398 388 371 357 340 322 305 283 266 240 224 197 185 158 150 123 119  92 
456 441 437 422 414 399 387 372 356 341 321 306 282 267 239 225 196 186 157 151 122 120 
457 455 442 436 423 413 400 386 373 355 342 320 307 281 268 238 226 195 187 156 152 121 
469 458 454 443 435 424 412 401 385 374 354 343 319 308 280 269 237 227 194 188 155 153 
470 468 459 453 444 434 425 411 402 384 375 353 344 318 309 279 270 236 228 193 189 154 
478 471 467 460 452 445 433 426 410 403 383 376 352 345 317 310 278 271 235 229 192 190 
479 477 472 466 461 451 446 432 427 409 404 382 377 351 346 316 311 277 272 234 230 191 
483 480 476 473 465 462 450 447 431 428 408 405 381 378 350 347 315 312 276 273 233 231 
484 482 481 475 474 464 463 449 448 430 429 407 406 380 379 349 348 314 313 275 274 232 
