Размер массива: 100 элементов.

Исходный массив:
[ 45 40 94 22 8 31 27 50 20 7 32 76 79 49 1 84 97 74 52 56 44 96 50 28 37 29 59 29 80 9 57 94 33 6 36 44 21 48 96 97 35 88 91 11 0 39 4 74 15 56 57 3 81 82 65 2 55 87 85 51 86 82 4 16 8 26 76 7 31 14 95 73 63 71 6 2 3 21 85 3 45 47 36 60 86 62 92 31 35 39 32 24 65 66 13 83 91 61 79 15 ]

[1] Прямое слияние (Direct Merge)]:
Время: 24 мкс
- Сравнений: 554
- Перемещений: 1388
Результат сортировки:
[ 0 1 2 2 3 3 3 4 4 6 6 7 7 8 8 9 11 13 14 15 15 16 20 21 21 22 24 26 27 28 29 29 31 31 31 32 32 33 35 35 36 36 37 39 39 40 44 44 45 45 47 48 49 50 50 51 52 55 56 56 57 57 59 60 61 62 63 65 65 66 71 73 74 74 76 76 79 79 80 81 82 82 83 84 85 85 86 86 87 88 91 91 92 94 94 95 96 96 97 97 ]

[2] Естественное слияние (Natural Merge)]:
Время: 31 мкс
- Сравнений: 580
- Перемещений: 1128
- Найдено серий: 48
Результат сортировки:
[ 0 1 2 2 3 3 3 4 4 6 6 7 7 8 8 9 11 13 14 15 15 16 20 21 21 22 24 26 27 28 29 29 31 31 31 32 32 33 35 35 36 36 37 39 39 40 44 44 45 45 47 48 49 50 50 51 52 55 56 56 57 57 59 60 61 62 63 65 65 66 71 73 74 74 76 76 79 79 80 81 82 82 83 84 85 85 86 86 87 88 91 91 92 94 94 95 96 96 97 97 ]


Вывод:
Прямое слияние лучше на 22.58%.
